0
0
0
0
0
0
0
0
1
30
75
122
239
404
626
793
1113
1238
1403
1555
1654
1747
1866
1930
2035
2134
2359
2446
2646
2821
3153
3223
3561
3790
4335
4506
4597
4927
5346
5508
5708
6035
6162
6609
6791
6967
7260
7373
11097
7771
7898
7804
7979
8258
8362
7953
8061
8022
8037
8132
7879
7978
8121
8194
8110
8288
8218
8232
8593
8727
8237
8370
8273
8834
7808
7828
7832
9532
7653
7455
7514
7426
7486
12239
8237
7727
7515
7204
8978
7208
22951
8211
7253
7337
7030
7274
6872
7025
7249
6936
6852
6578
8061
6573
6641
6771
6749
6591
6472
6565
6610
6944
6566
26677
6404
10775
7108
5956
7142
5668
5630
5876
5605
5892
5424
5705
5737
11191
5713
5315
5577
5424
5332
5250
5204
5183
5230
5463
5651
5664
5862
5418
5528
6541
5010
5206
5403
4965
6087
6066
6195
5846
5870
6067
5409
5324
6143
26795
5669
5600
8235
7041
5123
4631
4988
4458
4617
4469
4243
4486
5441
4341
4206
4422
4112
4533
4211
4471
4178
4003
4204
4007
3900
4167
3805
4142
4211
3860
4017
4815
4661
3923
3948
4932
3902
4145
3987
3620
3792
3587
3714
3629
4012
3484
3400
3427
3490
3546
3999
3890
4421
6462
3632
3512
3360
3363
3274
3106
3318
3207
3211
3010
3186
3206
3136
2976
2922
3598
4120
3060
2887
3520
4659
2819
2649
2672
2667
2708
2759
2508
2660
2588
2444
2448
2482
2598
2438
3124
2402
2897
2535
2632
2641
3581
3108
2424
2318
2275
2328
2827
6205
2696
2464
2436
2729
2595
2317
2297
2256
2212
2256
2166
2167
2134
2186
2037
2083
2040
2151
2104
2055
1975
2018
1978
1879
1982
2036
1918
1842
1857
1930
1831
1827
1799
1916
1864
1748
1812
1773
1819
1800
1832
1851
1761
1784
1742
2357
1805
1732
1901
1632
1701
1685
1700
1505
1638
1593
1554
1632
1601
1570
1642
1603
1559
1532
1578
1465
1515
1501
1514
1479
1514
1515
1449
1432
1439
1526
1433
1420
1394
1309
1313
1363
1301
1364
1363
1306
1346
1283
1282
1272
1272
1285
1231
1192
1263
1321
1256
1343
1202
1194
1216
1134
1211
1159
1210
1284
1194
1244
1148
1228
1177
1166
1168
1167
1255
1145
1021
1069
1059
1362
1116
1114
1046
1057
1086
1096
1070
1081
1022
1039
992
1007
1047
1011
1011
906
958
953
947
933
943
999
963
893
941
914
865
930
864
934
969
875
818
853
921
813
828
893
887
808
795
816
829
834
904
869
876
899
848
887
856
786
781
804
785
756
771
754
742
812
744
809
743
724
756
739
762
731
667
747
729
788
745
685
738
643
714
664
678
693
697
710
684
642
675
702
649
654
654
655
639
585
638
667
631
685
604
642
694
690
611
603
632
658
624
623
593
582
598
617
593
578
594
582
589
558
605
548
553
553
565
568
507
533
532
520
516
573
559
539
534
