0
2
0
1
0
1
1
0
0
44
55
106
199
394
594
838
995
1215
1369
1528
1592
1744
1874
1905
2050
2050
2296
2492
2634
2781
3086
3394
3449
3637
4102
4586
4604
4862
5128
5513
5560
5882
6285
6297
6841
7186
6990
7355
19303
8126
7937
7753
7856
7970
8119
8054
8142
7855
7938
8110
8175
8039
8098
8468
8271
8764
8288
8155
8375
9099
8093
8457
8375
8344
7904
7748
7847
10069
7641
7810
7522
7255
7707
12520
7886
7880
7336
7146
8726
7196
40305
7769
7961
7248
7039
7411
6878
6999
7429
6686
6904
6751
7442
6802
6659
6546
6461
6584
6733
6657
6607
6683
7357
25784
6273
10341
10219
6005
6971
5808
5658
5826
5581
5603
5378
5635
5998
11399
5853
5376
5377
5572
5274
5233
5109
5415
5294
5383
5440
5646
5795
5417
5543
5972
5045
5191
5430
5172
5511
6001
6155
5791
5696
6448
5325
5415
6264
28442
5376
5780
8418
6610
5665
4614
4869
4530
4735
4500
4423
4647
5063
4313
4338
4356
4180
4503
4117
4292
4176
4074
4154
4311
3971
4285
3969
4049
4062
3936
3910
4521
6318
3864
3876
4677
3897
4066
3962
3732
3730
3561
3587
3517
4171
3509
3494
3432
3449
3531
4185
3865
4058
7103
3668
3464
3427
3226
3253
3317
3273
3236
3251
3114
3128
3124
3097
2996
3030
3282
6521
3135
2824
3182
4711
2897
2820
2699
2684
2482
2767
2586
2673
2615
2537
2554
2335
2522
2420
3138
2511
2553
2567
2564
2645
3818
3174
2549
2471
2410
2310
2765
9185
2711
2388
2393
2725
2711
2291
2254
2303
2186
2176
2108
2165
2189
2108
2089
2094
1984
2168
2114
2002
2099
2047
2019
2042
2056
2027
1865
1821
1796
1922
1871
1847
1745
1886
1786
1843
1769
1766
1758
1851
1923
1798
1817
1825
1764
2119
1744
1704
2026
1727
1677
1664
1695
1621
1612
1573
1520
1647
1490
1555
1549
1600
1567
1439
1500
1511
1525
1460
1432
1549
1484
1401
1452
1471
1353
1456
1431
1392
1304
1364
1362
1344
1305
1295
1250
1333
1330
1330
1246
1323
1306
1248
1263
1143
1250
1245
1240
1442
1105
1229
1154
1179
1338
1129
1184
1232
1165
1210
1190
1184
1165
1188
1078
1146
1179
1105
1120
1025
1026
1263
1118
1063
1062
1039
1094
1103
1061
1157
1037
987
994
981
983
976
989
987
915
897
949
877
963
1009
940
919
908
900
897
911
895
938
848
895
886
929
894
882
871
857
826
800
829
846
797
814
885
831
851
872
820
827
866
843
756
780
797
806
750
768
767
788
775
740
799
760
738
765
734
768
710
748
728
818
668
734
685
695
678
700
657
625
703
722
656
665
668
666
637
645
622
616
627
641
610
604
610
635
705
668
658
631
642
646
575
627
608
623
629
610
609
584
613
578
619
547
584
601
620
534
579
578
569
549
553
560
550
562
513
559
566
554
546
