0
1
0
0
0
0
0
0
0
22
46
58
138
286
455
647
887
1120
1372
1392
1558
1689
1781
1847
1952
2085
2235
2366
2626
2860
3007
3072
3512
3693
3873
4692
4397
4733
5031
5112
5629
5751
6223
6287
6553
6771
6907
7273
7416
7815
7616
7880
7907
7922
7969
9892
8244
8237
8308
8296
7946
8077
8203
8743
8270
8032
8219
8301
8186
8146
8228
8175
8250
8786
8853
7958
8172
8110
7697
7602
7536
7326
7681
7343
8140
9686
7758
8390
7101
8244
7264
8446
11274
7356
6985
6890
6862
7052
6878
7137
6750
6876
6957
8163
6607
6800
6971
6512
6481
8443
6644
6977
7028
6242
9838
6677
10794
6223
6154
7510
5851
5804
6117
6233
6491
5535
6291
6110
8685
5437
5477
5957
5181
6132
5294
5657
5113
5189
5260
5667
5650
5471
5442
5494
6723
5070
5260
5192
5121
6877
5979
6843
5953
6062
5889
5317
5501
5465
9507
6483
6009
6401
6423
4777
4583
4771
4482
4777
4484
4419
4538
4804
4222
4274
4445
4159
4653
4264
5016
4092
4119
4374
3912
3952
3989
3986
4155
4041
3970
4109
7918
4274
3929
4025
4556
3849
3904
3955
3786
4025
3687
3657
3835
3749
3485
3423
3319
3537
3722
3883
3897
4501
4175
3499
3393
3240
3240
3463
3200
3307
3172
3198
3120
3060
3271
3003
2943
2990
8158
3281
3025
2879
4066
3897
2823
2645
2697
2707
2622
2661
2559
2568
2590
2577
2551
2598
2568
2549
2696
2444
3959
2470
2587
2583
3090
2973
2355
2345
2251
2319
3396
3124
2543
2529
2564
2848
2477
2211
2253
2251
2156
2184
2082
2127
2198
2088
2112
2062
2009
2127
2308
2046
1970
2026
1940
2025
2093
1884
1992
1975
1862
1905
1848
1907
1902
1827
1788
1691
1697
1762
1838
1872
1820
1798
1862
1804
1801
2292
1762
1861
1777
1704
1705
1550
1602
1667
1574
1565
1607
1596
1629
1570
1557
1567
1597
1462
1598
1466
1495
1502
1400
1452
1431
1571
1451
1367
1437
1467
1432
1332
1437
1326
1327
1360
1312
1319
1201
1274
1377
1345
1240
1222
1306
1295
1233
1192
1199
1227
1339
1179
1283
1163
1166
1201
1188
1125
1170
1260
1168
1297
1175
1178
1090
1144
1114
1196
1151
1101
1097
1069
1096
1527
1139
1072
1088
1026
1087
1099
1092
1109
1010
981
1041
1008
999
1006
1004
928
969
989
925
961
957
1020
976
919
877
949
890
872
917
881
904
894
824
886
819
865
896
880
833
839
876
804
811
885
848
800
818
843
834
853
917
829
809
779
790
781
783
779
734
761
717
729
746
752
757
731
732
745
725
729
716
784
784
700
752
643
704
650
708
723
704
669
671
713
661
672
645
687
608
623
626
614
663
651
646
658
635
564
656
671
588
644
658
617
597
631
611
641
603
609
607
617
564
612
602
599
560
603
611
613
532
568
565
552
580
572
535
567
545
572
