1
1
0
0
1
0
0
0
1
31
64
99
172
341
570
745
1046
1152
1369
1477
1565
1724
1793
1905
1955
2027
2282
2511
2638
2730
2966
3208
3515
3662
4028
4458
4476
4790
5068
5276
5593
5883
6176
6358
6669
7629
7110
7189
15418
9054
7649
7739
7954
8573
7839
8062
8220
8121
8297
8213
8347
8213
8259
9572
8528
9825
8655
8329
7968
8224
8175
8557
8107
8157
8172
8097
8408
9356
7746
8106
7475
7512
7748
8385
8056
9177
7396
8014
7508
7035
24781
7530
11689
7116
7190
7584
6743
6858
7018
7006
7008
6840
6911
6925
6502
6509
6547
6433
6473
7913
6635
7068
7476
8773
6335
7904
26329
6161
7186
5803
5835
6035
5608
5875
5656
5654
6367
9062
6076
5405
5408
6186
5175
5449
5352
5991
5046
5286
5138
5710
5442
5305
5387
5315
5209
5297
5355
5570
5323
6439
6011
5886
5890
7120
5759
5434
5903
10712
5404
7125
8118
5395
6157
4809
4781
4588
4978
4687
4321
4499
4434
4404
4093
4289
4316
4436
4217
4183
4599
4171
4126
4335
3859
4349
3985
4024
4166
3929
3821
4215
15496
3946
3881
4463
3929
3825
3859
3797
3811
3754
3623
3644
4242
3509
3492
3523
3488
3460
4168
3928
3840
5100
3756
3552
3376
3247
3291
3344
3204
3265
3176
3084
3400
3106
3129
2982
2925
2928
15870
3195
2838
3075
4837
2983
2761
2574
2541
2563
2701
2627
2725
2602
2542
2468
2560
2417
2473
2907
2545
2551
3342
2628
2578
3514
3246
2659
2400
2276
2209
2418
9686
2751
2465
2383
2600
2862
2253
2096
2294
2294
2169
2245
2140
2111
2192
2158
2012
2059
2146
1984
2085
2137
2129
1916
2017
1986
2124
1984
1822
1967
1882
1930
1896
1934
1822
1972
1841
1814
1753
1742
1760
1864
1826
1776
1820
1862
1893
1859
1705
2090
1769
1605
1723
1672
1679
1642
1562
1581
1556
1629
1551
1618
1624
1566
1543
1548
1567
1439
1422
1495
1518
1526
1402
1545
1406
1310
1457
1487
1426
1327
1309
1357
1290
1344
1355
1303
1221
1422
1314
1266
1225
1206
1281
1152
1247
1217
1224
1273
1538
1250
1180
1238
1134
1262
1178
1136
1214
1208
1134
1234
1181
1160
1220
1134
1138
1194
1110
1109
1104
1059
1085
1279
1096
1046
1030
938
1024
1033
1107
1093
1037
923
1028
988
979
947
1025
924
949
993
932
901
978
910
1015
937
904
923
902
875
944
868
886
858
824
900
904
903
849
869
835
845
830
844
865
830
855
849
864
822
884
867
855
839
776
778
745
767
817
846
765
744
743
738
765
761
709
757
718
707
770
729
822
755
738
713
698
696
654
658
672
734
688
712
710
672
647
666
658
700
626
658
681
680
692
658
607
638
623
644
575
600
599
590
643
628
599
649
644
617
597
632
637
619
595
581
577
555
547
518
568
549
559
558
534
583
541
519
523
586
580
525
