0
0
0
0
0
0
1
2
0
32
48
61
150
333
514
717
919
1124
1308
1528
1579
1678
1732
1847
2017
2122
2297
2371
2552
2717
2937
3201
3457
3688
3902
4411
4339
4744
4977
5074
5555
5766
6062
6273
6646
6804
7148
7236
7460
8158
7594
7713
7864
8216
8021
9094
8033
8345
8555
8558
8198
8069
8071
9447
8403
8126
8369
8270
8133
8108
8382
8265
8139
8648
8818
8235
8616
8313
7733
7470
7535
7362
7737
7335
7516
10473
7565
8473
7144
7725
7902
8016
12712
7417
7102
7304
6914
7016
6871
6920
6745
6616
6735
7310
6622
6627
6619
6424
6618
9813
6778
7277
6951
6096
7181
6659
14832
5974
6475
6740
5927
6098
5870
6597
6335
5454
6319
6615
7085
5374
5368
6520
5105
6185
5157
6348
5038
5076
5215
5934
5407
5243
5345
5294
6083
5258
5206
5135
5168
6950
5818
6436
5996
6375
5734
5364
5532
5479
6261
7063
6676
5603
6241
4789
4752
4654
4618
4678
4438
4388
4412
4483
4244
4223
4500
4305
4454
4208
5072
4093
4068
4308
3710
4097
3938
3944
4218
3999
4025
4083
12507
4301
3979
4080
4426
3864
3817
3910
3777
3920
3557
3483
3943
3566
3453
3387
3295
3496
3736
4038
3975
4124
3752
3479
3340
3334
3375
3372
3208
3118
3156
3192
3337
3045
3295
2926
2964
2911
12961
3238
2966
2849
4379
3529
2795
2709
2652
2649
2655
2676
2611
2619
2411
2442
2541
2550
2523
2608
2606
2394
4279
2609
2608
2759
3114
2827
2452
2207
2226
2426
4596
2814
2512
2521
2450
2925
2327
2276
2352
2285
2201
2209
2050
2192
2137
2124
2044
1984
2027
2117
2248
2054
2060
1970
2065
1980
2039
1952
1859
2047
1904
1820
1781
1888
1819
1958
1903
1808
1825
1808
1731
1824
1821
1767
1867
1818
1788
1977
1801
1894
1761
1615
1692
1660
1614
1612
1650
1539
1579
1524
1582
1553
1588
1595
1579
1517
1521
1512
1523
1488
1461
1490
1419
1503
1373
1317
1452
1523
1409
1442
1341
1351
1428
1373
1303
1337
1279
1310
1317
1302
1287
1291
1277
1217
1316
1243
1216
1286
1412
1258
1187
1183
1123
1141
1230
1157
1216
1216
1180
1274
1160
1173
1148
1169
1143
1195
1217
1103
1084
1106
1060
1485
1069
1044
1036
1093
1031
1045
1137
1116
989
961
974
981
998
1008
990
1028
1048
964
958
946
1053
936
967
887
873
871
904
886
935
918
900
849
879
844
805
806
865
885
850
842
877
825
851
811
901
834
816
873
808
861
831
814
822
798
821
753
772
774
764
792
805
775
688
711
719
747
715
701
729
736
767
717
746
679
650
707
683
643
729
697
681
694
644
679
679
665
666
675
664
635
655
622
650
597
617
612
585
662
624
628
617
648
583
598
598
569
590
593
590
605
620
598
574
609
579
550
552
572
540
576
582
571
596
519
542
525
561
536
519
521
