0
0
0
0
0
0
0
0
0
41
53
81
159
327
540
749
960
1112
1358
1451
1565
1702
1726
1953
1974
2139
2235
2450
2613
2737
3055
3162
3474
3681
3920
4178
4463
4772
4954
5324
5428
5830
5992
6259
6581
7090
7168
7185
9158
8775
7915
7700
7855
8659
8081
8413
8333
8331
8627
8383
8288
8187
8364
10004
8682
8727
8503
8162
8169
8225
8071
8328
8219
8477
8468
8143
9035
8464
7580
7762
7511
7585
7870
7553
7637
10309
7504
8411
7233
7142
11800
7662
13110
7263
7270
7289
6820
7048
7041
6955
6918
6684
6941
6943
6499
6451
6374
6517
6457
9351
6712
7431
7277
6521
6502
6933
23590
6008
6941
6280
5932
6159
5734
6295
5980
5585
6584
7717
6349
5333
5345
6612
5179
5957
5185
6542
5249
5224
5083
6092
5414
5278
5372
5249
5485
5395
5361
5347
5278
6828
5989
6077
5843
7094
5758
5355
5749
6655
5651
7275
7455
5209
6193
4765
4878
4624
4733
4786
4345
4573
4324
4260
4183
4197
4445
4272
4244
4224
4680
4253
4067
4420
3900
4038
3952
3909
4141
4034
3993
4262
16522
4190
4023
4303
4273
3878
3804
3831
3715
3834
3780
3494
4093
3721
3710
3537
3395
3544
3975
3904
3723
4368
3723
3534
3442
3314
3451
3368
3276
3147
3162
3164
3408
3089
3321
2931
2978
3067
16902
3227
2936
2942
4626
3190
2829
2615
2639
2594
2696
2618
2616
2599
2579
2549
2569
2533
2514
2599
2619
2480
4006
2475
2550
3052
3276
2830
2348
2301
2345
2335
7134
2718
2509
2471
2595
3005
2306
2181
2323
2236
2146
2085
2224
2103
2215
2177
2119
2034
2120
2015
2237
2089
2102
2010
2088
2048
1976
1946
1922
2062
1885
1876
1846
1917
1830
1880
1845
1816
1806
1736
1784
1877
1938
1900
1762
1784
1727
1863
1736
1936
1812
1598
1635
1571
1617
1584
1561
1557
1548
1660
1537
1551
1677
1574
1542
1566
1456
1487
1497
1537
1452
1499
1378
1519
1398
1422
1472
1495
1359
1371
1308
1381
1331
1296
1291
1301
1312
1251
1375
1316
1222
1261
1307
1293
1229
1230
1243
1200
1481
1157
1237
1272
1169
1228
1140
1181
1178
1221
1213
1233
1205
1183
1119
1163
1149
1174
1132
1177
1104
1016
1067
1413
1142
1040
1010
1080
1110
1068
1109
1055
1030
933
976
1026
992
980
949
1012
897
1002
966
883
967
938
937
907
880
901
868
919
927
886
902
905
844
893
850
816
861
880
841
802
850
850
888
883
863
790
838
852
789
900
865
820
740
775
816
674
765
796
753
737
758
754
767
770
737
732
688
731
743
744
765
756
712
677
666
730
691
651
708
706
695
665
652
663
625
619
678
618
691
668
673
648
656
617
669
598
642
655
608
622
606
591
627
651
596
642
583
620
615
603
592
602
560
601
638
591
567
569
593
566
567
585
570
564
498
521
551
561
531
554
