0
0
0
0
0
1
1
0
27
36
61
104
223
431
673
858
1078
1296
1438
1540
1635
1784
1831
1990
2067
2171
2366
2613
2708
2926
3112
3383
3562
3856
4732
4331
4629
4890
5106
5554
5705
6183
6456
6533
6818
6957
7137
7279
8059
7761
7780
7895
7986
8067
9252
8058
8233
8106
8064
8063
8000
8110
8222
8285
8091
8202
8361
8212
8422
8541
8176
8232
8368
8977
7984
7787
7837
8546
7566
7564
7552
7588
7678
9573
8928
7813
7897
7098
8779
7183
11412
9312
7154
7006
6725
7068
6943
6985
7356
6676
6872
6754
8494
6608
6765
6916
6635
6545
7105
6493
6741
7231
6309
18113
6629
10349
6293
5860
7489
5857
5869
6127
5894
6050
5385
6026
5885
10084
5551
5398
5744
5260
5638
5087
5317
4987
5249
5387
5610
5692
5568
5393
5607
6831
5161
5290
5315
5128
6730
6021
6587
5839
5964
5826
5402
5426
5767
17086
6130
5585
7423
6767
4962
4720
4795
4550
4622
4535
4367
4464
5217
4378
4219
4366
4194
4781
4309
4737
4052
4003
4217
3981
3996
4017
3939
4180
4050
3859
3951
5512
4258
3928
4022
4936
3884
4096
3767
3720
3867
3619
3624
3638
3875
3486
3419
3293
3490
3774
3917
3818
4456
5135
3719
3292
3438
3269
3304
3101
3322
3104
3132
3084
3087
3185
3097
2880
2980
4775
3304
3090
2792
3768
4448
2951
2653
2771
2593
2743
2737
2554
2637
2490
2496
2538
2639
2569
2473
2888
2453
3294
2474
2549
2559
3265
3052
2486
2311
2304
2267
3044
4111
2628
2448
2432
2843
2524
2300
2271
2226
2164
2121
2118
2206
2203
2084
2069
2113
1998
2137
2275
1989
2030
2025
1976
2077
1960
2040
1824
1913
1884
1845
1846
1870
1884
1864
1807
1847
1773
1731
1748
1876
1888
1803
1838
1869
1890
2356
1683
1769
1751
1634
1604
1583
1629
1661
1672
1547
1596
1696
1635
1539
1626
1572
1521
1530
1560
1479
1541
1469
1475
1421
1447
1590
1402
1443
1435
1492
1456
1330
1358
1328
1389
1335
1297
1340
1263
1272
1278
1437
1232
1218
1324
1234
1227
1243
1267
1231
1285
1300
1238
1219
1195
1188
1212
1215
1197
1254
1172
1272
1167
1154
1195
1138
1146
1187
1215
1050
1102
1097
1032
1431
1091
1093
1093
1101
1053
1100
1161
1039
1054
974
1016
1069
1002
943
1009
1008
1024
949
957
963
1002
966
912
907
912
873
898
857
938
932
884
899
859
877
872
796
833
887
796
813
844
828
896
851
912
782
840
792
810
854
796
796
807
805
772
784
751
790
760
735
759
716
728
722
783
734
756
671
687
730
724
745
748
703
709
674
710
686
675
644
669
698
659
616
659
689
659
690
648
638
632
672
631
629
683
635
639
646
665
604
628
675
625
645
629
616
629
628
614
613
602
577
581
599
614
594
610
558
567
559
553
561
563
516
522
534
532
542
567
543
512
