0
1
0
0
0
0
0
0
0
35
50
85
177
365
566
793
1001
1211
1369
1520
1633
1711
1807
1846
2064
2294
2381
2433
2654
2804
3040
3216
3436
3718
4055
4547
4537
4680
5075
5428
5621
5786
6248
6250
6517
7668
6861
7277
22827
8718
8180
7686
7913
8360
8135
8060
8328
8213
8235
8153
8367
8168
8260
8863
8369
9609
8494
8122
8061
8573
7992
8685
8394
8021
8069
7987
7914
9832
7675
8048
7484
7326
7689
10513
8105
8449
7253
7512
8244
7291
41580
7727
9482
7183
7160
7802
6839
7045
7240
6927
6837
6854
7241
7128
6543
6567
6515
6433
6442
7028
6811
6797
7547
15779
6242
8912
18573
5887
7137
5853
5804
5851
5550
5670
5451
5589
6203
10515
5890
5365
5363
5698
5178
5242
5050
5584
5156
5344
5253
5750
5723
5370
5454
5566
5163
5313
5465
5489
5223
6238
6152
5846
5819
6934
5529
5350
5989
19972
5400
6689
8462
5856
5973
4733
4927
4639
4999
4596
4415
4596
4684
4331
4160
4402
4299
4294
4230
4184
4251
4152
4140
4378
3834
4241
3853
3978
4153
3909
3920
4317
10711
3881
3932
4658
3965
4012
3962
3714
3706
3636
3707
3488
4193
3540
3511
3425
3572
3548
4157
3924
3895
6472
3735
3387
3350
3318
3296
3279
3283
3240
3241
3053
3367
3039
3105
2969
3033
3087
11104
3215
3014
3128
4868
2880
2884
2572
2704
2579
2664
2480
2740
2678
2452
2551
2502
2592
2510
2997
2591
2517
2831
2704
2463
3711
3346
2625
2384
2512
2351
2525
10689
2680
2434
2326
2698
2761
2283
2136
2225
2164
2173
2206
2267
2123
2197
2091
2148
1951
2109
2038
2071
2058
2045
1981
1939
1997
2149
1996
1924
1943
1934
1830
1921
1901
1879
1918
1806
1821
1746
1713
1826
1843
1786
1778
1764
1753
2019
1755
1718
2147
1701
1736
1644
1620
1652
1597
1621
1554
1646
1644
1558
1613
1532
1606
1514
1510
1513
1432
1396
1478
1408
1528
1473
1464
1341
1334
1501
1422
1448
1331
1307
1320
1320
1358
1365
1338
1294
1265
1326
1270
1290
1241
1252
1200
1246
1231
1257
1263
1570
1240
1249
1198
1158
1234
1185
1171
1243
1216
1149
1225
1183
1221
1148
1149
1174
1199
1110
1084
1049
1084
1159
1168
1033
1113
1051
978
1056
1068
1119
1048
1022
991
996
946
973
1009
1018
964
950
1021
968
983
947
958
942
947
922
932
959
892
966
929
868
935
825
863
838
829
863
896
877
842
820
905
829
918
871
789
831
889
875
840
798
790
800
765
762
756
808
749
783
773
755
805
751
722
758
736
707
665
716
728
768
680
699
748
690
732
683
673
671
636
662
693
691
614
693
687
635
687
614
651
655
695
605
646
573
635
614
602
621
640
603
639
613
621
609
609
559
609
610
594
646
600
622
567
559
589
586
582
584
554
558
592
555
570
559
557
592
563
556
529
